0 1.3444218515250481 0.7579544029403025
1 0.920571580830845 0.25891675029296335
2 1.0112747213686086 0.4049341374504143
3 1.2837985890347725 0.30331272607892745
4 0.9765969541523558 0.5833820394550312
5 1.4081128851953353 0.5046868558173903
6 0.7818378443997038 0.7558042041572239
7 1.1183689966753316 0.25050634136244054
8 1.40974625596824 0.9827854760376531
9 1.3102172359965896 0.9021659504395827
10 0.8101475693193326 0.7298317482601286
11 1.3988382879679935 0.6839839319154413
12 0.9721427154527134 0.1007012080683658
13 0.9341718354537837 0.6108869734438016
14 1.413011053237898 0.9666063677707588
15 0.977009776552717 0.8653099277716401
16 0.7604923103919594 0.8050278270130223
17 1.0486993038355892 0.014041700164018955
18 1.2197046864039542 0.39882354222426875
19 1.3248449771482331 0.6681532012318508
20 0.5011428193144283 0.49357786646532464
21 1.3676027754927809 0.24391087688713198
22 0.8252043627473901 0.8704712321086546
23 0.6910670915023905 0.5675107406206719
24 0.7386159286152202 0.9675402502901433
25 1.3031794692798702 0.44796957143557037
26 0.5804458185525354 0.32005460467254576
27 1.007940642520574 0.9328338242269067
28 0.6090578459311037 0.5512672460905512
29 1.2065614098668895 0.5474409113284238
30 1.314466863291336 0.540283606970324
31 1.4638385459738008 0.603185627961383
32 1.0876170641754364 0.4449890262755162
33 1.0962868615831063 0.38490114597266045
34 1.0756510141648885 0.290329502402758
35 0.6893913285543561 0.1867295282555551
36 1.1127731798686067 0.6566593889896288
37 0.9765309920093808 0.08982436119559367
38 1.2576039219664368 0.8767703708227748
39 1.4233810159462807 0.8424602231401824
40 1.398173121357879 0.9230824398201768
41 1.0405999249480544 0.3912960502346249
42 1.2052833998544061 0.27563412131212717
43 1.3116287085078784 0.8494859651863671
44 1.3950389674266752 0.5898011835311598
45 1.4497648732321204 0.5796950107456059
46 0.9505631066311552 0.660245378622389
47 1.4962578393535728 0.9169412179474561
48 1.2933250841302242 0.0823729881966474
49 1.1127831050407122 0.4864442019691668
50 1.1301473404114728 0.8450775756715152
51 0.7430356220618562 0.7314892207908478
52 0.617134293208518 0.22046053686782852
53 1.294582971710576 0.33253614921965546
54 1.3159130965336594 0.1006075202160962
55 0.6463584889123039 0.6976706401912388
56 0.5452340678656123 0.5738660367891669
57 1.4100160146990397 0.534197968260724
58 1.1805891325622566 0.026696794662205203
59 1.1349999099114583 0.6063384177542189
60 1.0759529480315408 0.3912094093228269
61 0.8701399403351875 0.9805166506472687
62 0.5363920376114858 0.021636509855024078
63 1.4610312802396113 0.18497194139743833
64 0.6238951644244317 0.21057650988664645
65 1.3007465903541808 0.9369691586445807
66 0.5227825756686584 0.42561883196681716
67 0.6015002193741698 0.259919889792832
68 0.7208292713163174 0.6469257198353225
69 0.8502939673965323 0.18031790152968785
70 1.0036365052098872 0.03937870708469238
71 0.6009212411889666 0.9882351487225011
72 0.699355790467063 0.35855530131160185
73 1.2315983062253606 0.8383265651934163
74 1.4184820619953316 0.16942460609746768
75 1.1726405635730526 0.9665489030431832
76 0.5580509438264987 0.6762017842993783
77 1.3454245937016163 0.342312541078584
78 0.7506873392851117 0.596791393469411
79 0.942314033699079 0.17481948445144113
80 0.971625415096288 0.40990539565755457
81 1.06911273952428 0.5086001300626332
82 0.8114460010002068 0.35715168259026286
83 1.337661174368979 0.25093266482213705
84 1.060600218853524 0.012436318829314397
85 1.2415743774106636 0.3359165544734606
86 0.5456964935684167 0.28088316421834825
87 0.740130407826354 0.9531293398277989
88 0.8522255615155074 0.2878779148564
89 0.8592011972537463 0.9469058356578911
90 1.1337478522492526 0.6210768456186673
91 1.2156193503014563 0.38801723531250565
92 0.9144179882772473 0.650832862263345
93 0.5015242218567202 0.1923095412446758
94 0.8344016906625016 0.23941596018595857
95 1.1373994011293003 0.37864807032309444
96 1.3754233917130172 0.5681514209101919
97 0.9144063966836443 0.40226707511907955
98 1.2018296239336754 0.41822655329246605
99 1.1621958889738173 0.04677968595679827
100 0.9453521897188298 0.25922692344722276
101 0.6576865721223109 0.5275731301676146
102 0.987265601069032 0.5614049256144269
103 1.2554847672586824 0.8838751542487009
104 0.9945826703752868 0.31205824641687296
105 0.9668922353525236 0.8090458573603624
106 1.3750163314802712 0.8124149323637591
107 0.688001294050828 0.9994203594553304
108 1.1330887599183004 0.08346705017572931
109 1.2255543554613124 0.9868214802051282
110 0.9018168222125436 0.6785150052419683
111 0.8161771372213423 0.2135246620646961
112 1.2173241433110373 0.0023575647193538884
113 1.3227314105314156 0.5283459768597928
114 0.5977843418006593 0.11890389478474583
115 1.1492654248961536 0.8736538239003423
116 0.7799827433268726 0.9785151867733981
117 0.600180689063709 0.8539381095973382
118 0.8966961773309045 0.08134541676823415
119 0.7747138434192621 0.4529781848179143
120 1.2923415311856523 0.8613599036372361
121 0.6334205542025491 0.5208655284141989
122 1.1507832381497374 0.3470530145996015
123 1.3718638357105861 0.27840981521636055
124 0.5185743275455952 0.0406632736752609
125 1.1809967701112432 0.5583557360970469
126 1.4465025541699958 0.9384387997349186
127 1.4098511774051024 0.04200453196734122
128 1.2491348233908632 0.7013248175948597
129 1.1553618646747297 0.7123576525162417
130 1.4027101506193307 0.6401411997932241
131 0.872449262972256 0.5379287837318205
132 0.7078441036908247 0.5871255046951435
133 0.5088970820490788 0.15102317386398778
134 0.8334083880298664 0.7896231589257826
135 1.2184994227715396 0.3382559700266786
136 1.1205381083165515 0.041202949506209285
137 0.663860545675576 0.9819140701253054
138 0.789530853635867 0.39479198298829066
139 1.0484842965725134 0.29340700145733656
140 0.978064669151021 0.2397060836386239
141 0.5482563622882944 0.17958684904155564
142 1.0230502317000982 0.07086288409434749
143 0.9031691464450935 0.3285207100154869
144 0.9147216089714424 0.09940033823870109
145 1.4086575543967805 0.4740046511372964
146 1.3408483326276714 0.976229457649057
147 0.8436515936577678 0.4790865191519861
148 1.1995952911506185 0.42653532354402823
149 0.801903116219356 0.7347509912186152
150 1.3943997782145745 0.9196888444316101
151 1.1267420468068674 0.3755713463285453
152 1.474560521479694 0.6388785175004733
153 0.565834677277301 0.08466956912011114
154 1.249869571783086 0.06115615654596607
155 0.5078510053312518 0.39380795178170946
156 1.0190037287013292 0.44854428559655457
157 0.9886188044271526 0.5848887019932744
158 1.179302567372125 0.4230380735074225
159 0.8683314563344259 0.9884590580992895
160 0.7609165354462563 0.7771001545085096
161 0.9312210246320441 0.35852038200953895
162 0.5638579489438287 0.8635789443020424
163 1.2020041497619371 0.9030107075409272
164 0.9516117926868677 0.6769209668166035
165 0.6189102865538557 0.3979536016023134
166 0.7072319734170829 0.04210142789066196
167 1.4479613512563199 0.21589436846535714
168 0.6463544898080057 0.19797004355794223
169 0.8780319643142975 0.5463912623151137
170 0.6513343684728911 0.9886898889857565
171 1.482989210545282 0.14840201708602985
172 0.9059068831679489 0.6799294831100022
173 1.3776565829010952 0.49540592491118873
174 1.417046672759815 0.3224603148813061
175 0.9984408914907503 0.4986465918650089
176 1.1700681513152942 0.2019913087994536
177 1.1097706104167804 0.21877309687215574
178 0.840220315051032 0.9625664632546818
179 1.3990080380310075 0.8181183809177941
180 0.5354682618760123 0.14836688246192975
181 0.7568819120719038 0.7841665681891542
182 1.3423333270773672 0.5829481802462215
183 1.2181316517768295 0.8070553799750758
184 0.5663591310377852 0.08464313683307012
185 1.3688953140043785 0.03941582937802879
186 0.725090653676496 0.04063202664590093
187 0.5152851399697268 0.8439546856924078
188 0.8305943672500803 0.1606900602627206
189 0.6488194902889095 0.656083661770337
190 1.468598271692707 0.5049996926056783
191 1.401090476884005 0.5024285989524275
192 1.0738724774915491 0.6785713567893591
193 1.305109989032137 0.7578463822613826
194 1.4905325627055621 0.7469653891501328
195 1.4057807233528663 0.20610483206558328
196 1.0354163043285811 0.5986142636674691
197 1.3256966171603537 0.4822135630659161
198 1.2910402117090956 0.3885688901501142
199 1.0863884555814496 0.8513166074810679
200 1.2980594711041582 0.6569845518861341
201 0.5002406965251669 0.18196892218621108
202 1.0068577868511277 0.2544593984833793
203 0.5656208432727308 0.8598834221214616
204 1.442947021313163 0.3028048781490337
205 0.9080731673848608 0.8100375338172869
206 0.5622587588712231 0.6409848625624502
207 0.6273208129327871 0.2870883399952252
208 1.329940686628406 0.0555270458896614
209 0.535933833430189 0.4178660447962945
210 0.991830959096264 0.8633251831082008
211 1.2171887463451894 0.6735438085995347
212 0.6513737723997868 0.9867059242186832
213 0.9111401962874813 0.6117708643248599
214 0.8866830055332358 0.04703291581184044
215 0.9708892090480652 0.15136775389483625
216 0.532465462373944 0.6174004236810055
217 1.1299662912183357 0.10529282465636491
218 1.049143766231777 0.3466679766399683
219 0.8834140731648874 0.7764198986996783
220 0.9903196775242457 0.8812766154122413
221 1.1101197429062233 0.4671884150380703
222 1.1323126400553845 0.3378653798287524
223 0.6243237925282524 0.6825296186925238
224 1.1220374427466568 0.7885664913738635
225 0.6271091249471088 0.9117833181295222
226 1.299341211421814 0.9168874080910093
227 1.372534721773467 0.681006446357057
228 1.310250849437359 0.5190073092314018
229 1.2854891493606653 0.18912746785718504
230 1.282114106357294 0.44457960405634067
231 1.256616221297365 0.4554702368121878
232 1.2895587282777832 0.07533958521856021
233 0.5446409054244125 0.9342895823715677
234 0.9861651007487351 0.9010713996489047
235 1.44478325188207 0.6665111524556335
236 1.0717968260934745 0.21597938410680917
237 0.5934762192990082 0.8193942150822732
238 1.388772067631988 0.7793957106948857
239 1.198502432731625 0.42011111607482077
240 0.8053115900269564 0.11344489563770899
241 0.925970248072163 0.5660129742477574
242 1.4228805831375126 0.9357547693309531
243 0.9156411965409131 0.0992109880980957
244 1.2738187324714434 0.7342793416571158
245 0.5307008459519061 0.4467185991338365
246 1.186418104298558 0.030134234552269934
247 1.4192823534016137 0.9622424865104192
248 1.22254277208884 0.0785385396518038
249 0.5703294658763557 0.3592533148212369
250 0.5293775077569864 0.3478777272843395
251 0.509964241312966 0.9743235128409679
252 1.3190066990688627 0.07051761147818736
253 1.3934350918478602 0.20797804000401565
254 0.70479079826935 0.6737591455288341
255 1.438262268162548 0.12318812122923739
256 0.5071845672522705 0.3691301471700257
257 0.5246500144361558 0.6048482375805311
258 1.3591756086192088 0.1869917024228578
259 0.6123910358301841 0.34444960733861085
260 1.4591715206073137 0.13015769442868408
261 1.4665192604669937 0.36223986994484925
262 0.9733704027601116 0.29263198596497353
263 1.4371268442154697 0.9581478949874975
264 1.1359157065077434 0.18404555017515556
265 1.492951788610287 0.10258043954691198
266 1.0808493815940805 0.15640306008300875
267 1.3976753141502056 0.9456783914956152
268 1.3043902980001079 0.3158914186681244
269 0.7428386899579852 0.7548584132190378
270 0.791059519145354 0.4197853778540753
271 0.5462556769026413 0.13223381043380655
272 0.5205496206417767 0.0779211200935358
273 0.5732111493648608 0.42023170217414685
274 1.0507771776374377 0.740878819870922
275 0.642283473842416 0.4221887461694188
276 1.1369660374117205 0.08455569481893255
277 0.9448111551462038 0.3692560392397978
278 1.4489319289416618 0.05785711390101722
279 0.9086262211831481 0.41722547979620506
280 1.228180504599678 0.3206710028745039
281 0.703990275946234 0.2933116551663051
282 0.9708875424493587 0.9502683295716211
283 1.2965170227633065 0.2769702457797433
284 1.0581815883930463 0.6882003035685332
285 1.2956571556821324 0.4461643839498476
286 0.898776905129706 0.7676407428212785
287 0.9317164955641121 0.2479576688970051
288 0.9534470315306477 0.9371046462904561
289 0.6425674882186013 0.4624353545272121
290 1.1373035243637815 0.48328798826810027
291 0.7036399043703699 0.0018431606156659175
292 1.198991711803439 0.6187355180234525
293 0.5077766494358642 0.2985601210181208
294 1.2686342595428415 0.6289203785446209
295 1.0452081159439723 0.1562211098090489
296 1.2062940429996885 0.4714349217158037
297 1.1781787462359636 0.7600898367234922
298 0.7323627214412451 0.7619950130977117
299 0.7800883846883893 0.9840151371182455
300 0.12083161078451865 0.8837180187440564
301 0.040547125043371324 0.756575818348144
302 0.5261019087624684 1.0816161834445945
303 0.3962349850280922 0.6020317282270711
304 0.2526080858247133 0.7833965038604886
305 0.7552228545587315 1.408774325222007
306 0.5954099154864194 0.5354509656910275
307 0.7922364716417103 0.8056039328399199
308 0.33989040641624346 1.0301854376454147
309 0.24904704757555507 1.4199780878573698
310 0.1635547583408129 0.9148304005037328
311 0.2896919495072058 1.0198341022016146
312 0.5739818030823766 1.1271396891048426
313 0.5313758038379728 0.9108045023355995
314 0.634594012376466 0.9034128765868176
315 0.7785502590540477 1.28817742525499
316 0.29225416811082217 0.8718043235557745
317 0.6288109059468862 0.6570699671156571
318 0.6970319309869248 0.8814277529807131
319 0.591062474757007 0.6395330992312218
320 0.6682583860975598 0.8540578606136997
321 0.4726655762072315 0.9151074008495357
322 0.47671524799509457 1.1946956329164442
323 0.31824017683207795 1.1520544808985482
324 0.060222107499701916 0.8001851524622099
325 0.7452096901500458 0.5524058780620636
326 0.6211421952822352 0.5255467992678385
327 0.4715288683099005 1.3885450437134765
328 0.010110093997603875 1.0268280206539229
329 0.06645682965886301 1.3671097761494884
330 0.6862965222396646 1.241953856681429
331 0.669007579945888 0.5064234536981457
332 0.041177862257898545 1.1208768040220467
333 0.9996851255769114 1.373147239091793
334 0.699685806725371 1.2270999543422898
335 0.2266870226016624 1.2516139341358121
336 0.28792410486343756 0.605460267022393
337 0.4608948954667579 0.8301957725296181
338 0.168255398651179 0.9217098925114047
339 0.8972009769638755 0.9352702732981688
340 0.4472918952497248 1.2088277574442379
341 0.5241618701522923 0.6292230353419935
342 0.91039239754397 0.9441243361619651
343 0.7893377392253591 0.8888751300222442
344 0.806846018820692 0.8895364160074527
345 0.2201595216660458 0.6961946669166686
346 0.9400346443375104 1.08653025858102
347 0.04979326505826487 0.8883475961780491
348 0.234029260524927 0.5846570646092993
349 0.18675586852140846 0.5569904799995035
350 0.6380736282281027 0.6733738648374689
351 0.6107798762435255 1.1125067478912296
352 0.7049237107399368 1.0121186506114312
353 0.28442399033479826 1.3774574539285278
354 0.35307108172351365 0.9582943249787391
355 0.6318794317305464 1.0161242981674494
356 0.9564683485665337 1.454717677438122
357 0.9297598506094263 1.4340763496652582
358 0.580960135568696 0.990202063730003
359 0.7041168173823689 0.715419592985468
360 0.26587203921552827 0.5438072536330917
361 0.16285754255803098 0.5038745499388105
362 0.6546275765234981 0.6404069890356819
363 0.7866793455760521 1.180503995881725
364 0.9706757933544957 0.8965144869518913
365 0.9213919134510528 0.9537041723195332
366 0.3395037398362071 0.6023388699170538
367 0.8828321850718597 1.294790158562587
368 0.3229289765350606 0.955744384925629
369 0.32514346581324827 0.5288291165380947
370 0.04435252539911694 0.8687041258820589
371 0.20959132812878367 1.0245146032105923
372 0.1877850356496189 0.7016215864664097
373 0.6726678813176303 1.2356026567617158
374 0.31223209587410494 1.3599943994333725
375 0.2546391746557106 0.8439403762815572
376 0.712480390369609 0.5445029013292096
377 0.934183460116191 0.5723377317876254
378 0.4609310589380602 1.2246048259600892
379 0.04746853498479808 1.3090026856371773
380 0.9788933433114139 0.960511672795628
381 0.11812363628756806 0.58147699565548
382 0.09873043616313526 1.2654413741364752
383 0.4140128484685186 1.419234158199031
384 0.4406397760864845 0.5771433101446081
385 0.42693558751800065 1.2548278934255563
386 0.8293384268467949 0.5393516865291919
387 0.1803893912563338 0.990013452023644
388 0.12808547795160863 1.3710926419421732
389 0.9344608884461488 0.8195969983538176
390 0.43484368255202 1.0570540644200566
391 0.2855057910835891 1.0410756974595614
392 0.2011850454737838 0.7966412512769129
393 0.44178363318767744 1.104669902191143
394 0.5361650260862432 0.7609879767339395
395 0.23178787541805523 0.618730236700711
396 0.7834936358921726 0.5989007664663805
397 0.7328850061793606 0.7487736956630997
398 0.28455698400578255 1.2360834330107995
399 0.6596207917216363 1.2419215555155583
400 0.5152830587943614 1.3590958196652707
401 0.12179389137547159 1.1451969614065052
402 0.11824431248865597 1.237283368145428
403 0.3589046614584527 1.17488210437111
404 0.7034839134412817 1.1606084576410582
405 0.22155798032782648 1.3317998863873537
406 0.24013608742346748 1.0181532972121121
407 0.6746457541533513 0.7336031747847566
408 0.628511722983939 0.7868310479973286
409 0.1713823760843869 1.309748828526577
410 0.5531227700773604 0.827884706608856
411 0.5854309472055399 0.5252863974272883
412 0.12982285676032723 0.8955808516982431
413 0.9757565794644123 1.0104745178761232
414 0.07645620506689521 1.2650406152494567
415 0.7814438709253152 1.274802174394856
416 0.5694980380479538 1.1956987378694626
417 0.21345793631163135 1.2325605908939883
418 0.8161739873415944 1.2599665402219191
419 0.353462402585887 1.0910280505757086
420 0.6289893574898388 1.4008098536570839
421 0.1080138952733335 1.3339337708504084
422 0.5264355584690392 0.8586141205519373
423 0.4556029014937524 0.5126354989307388
424 0.22007359233142765 1.152763420068005
425 0.660849279754449 0.9946989402863131
426 0.9533258805973196 0.9809150885494712
427 0.3139436595456605 1.3477808391956414
428 0.259158299397262 1.1043059930343495
429 0.7034188523223 1.3216962986917842
430 0.7853687501827489 0.8840923305137113
431 0.059180305962736934 0.5382878654834428
432 0.7264603879084595 1.4616913814068508
433 0.3431653742712939 0.9411950980755142
434 0.7257980157417766 1.1578312458538798
435 0.26010658848413604 1.1715848457987024
436 0.3049024195743838 0.8563579065620385
437 0.5395133052630944 1.2323138239267304
438 0.15121621156796483 0.5219872108929388
439 0.6278299544850219 0.5245646777858363
440 0.04496324071616853 0.7257755767221336
441 0.6538768733044555 0.5665450976860288
442 0.06240576762652772 1.4720932443736168
443 0.4226528937805498 1.3924289339928593
444 0.21652428395276402 0.9352131794546169
445 0.35803513461315506 0.6769355360349691
446 0.32881318575191665 1.4867958186960468
447 0.7473090097951195 0.8826682791831585
448 0.40928443439993156 0.7637409011550663
449 0.531336678598825 1.2356369121419466
450 0.686646615750601 0.9626498353413195
451 0.041939046716157 1.4215078064992686
452 0.4089338030960661 0.8902988670119316
453 0.0031101144891549914 0.6382272140819131
454 0.8688534175006787 1.0139345961813029
455 0.7324348442226767 0.6481678864333585
456 0.33005100665524945 1.340136556537864
457 0.8206585211774247 0.7467942680862406
458 0.021975308333072263 1.306466973545603
459 0.16884400503942165 1.2876813921208954
460 0.6836592298851071 0.6683147603108942
461 0.0784886436699127 1.427649429922289
462 0.5978783972833935 1.120510173056511
463 0.4575118028380537 0.6500709773222886
464 0.6019699129465877 0.7524728800375037
465 0.8058946560175415 1.232718954805416
466 0.027267185045511733 1.4324230096450348
467 0.03631604832667812 0.5896193188307074
468 0.2927345609042453 0.6508090604701401
469 0.2361450829166024 0.8558094886115547
470 0.7354997154547138 0.9047113607648444
471 0.2698397547254259 0.9923131536276696
472 0.39259324978876053 0.810764197486207
473 0.900541657866744 1.0504484509596044
474 0.9773275109747672 1.272912409393438
475 0.570499297619577 0.762446589276864
476 0.6868436562888387 0.9559177189697717
477 0.7213877150417534 0.9037788089110615
478 0.49600503631794757 0.5206837674457556
479 0.739958502320053 0.5342735443556307
480 0.6807253858476396 1.0820036955379622
481 0.7759176114881267 0.7897775992374156
482 0.6861108151233298 0.7070979756310382
483 0.5292720013578311 0.8402803792511802
484 0.9784545513570129 1.4718665573793186
485 0.20896973547336006 1.0660382358858294
486 0.3294426858782725 1.468538187020281
487 0.9245259481865659 1.0861458530564896
488 0.7200844551084937 1.1813247567090697
489 0.353355632443361 1.4163615693751601
490 0.899453536816357 0.8306584644780793
491 0.7473949106043586 0.5090921266744486
492 0.8163591105584419 1.0648693453979996
493 0.9523067127509502 0.8631930745481745
494 0.6257130749033707 0.8230024315033787
495 0.7827853814039997 1.1007029967830002
496 0.9874710229786893 0.5010127930964535
497 0.14075874215813544 0.5436013820908134
498 0.1258478488128345 1.4293852970698306
499 0.9486082995058949 0.9804125346981437
500 0.9466893945947962 1.318387610188399
501 0.7786177341461099 1.247281950803196
502 0.18765458516959888 1.0488772611027803
503 0.4238792306088448 1.4497880475978882
504 0.17383353806681645 0.6698588435596746
505 0.6588617536380149 0.6574017895734828
506 0.11005367295186075 1.0039231973300065
507 0.796660971220008 1.1050456716470327
508 0.7547539728480395 0.7657585316255522
509 0.28496283302929337 0.9287036417315245
510 0.990847884265713 1.2179182565245088
511 0.9462539572878983 1.037870455736408
512 0.5545598515713968 1.4900903354753838
513 0.18998827565888077 1.2825904371715813
514 0.7915138240285756 1.3447416276181308
515 0.7500527092169327 0.6553330181885471
516 0.661127632121674 1.4237031845862265
517 0.5632851524959844 0.8609415103802872
518 0.9495201486078587 1.0615986504586719
519 0.41163639453549183 1.114133498061277
520 0.8041250166314531 0.7283020906136505
521 0.01569204302297844 1.0290948970731422
522 0.9413574200758085 1.1802579626031922
523 0.6309080001300065 1.1278151474899731
524 0.4969897122617175 1.2309192697350546
525 0.2491944400337247 1.391754263952968
526 0.2744726552452267 1.444945013210734
527 0.9264967100320902 0.5779245240475279
528 0.44817970124433604 1.2440362849370825
529 0.44965407150807035 1.0088990248364156
530 0.8068239376717178 1.204992160949272
531 0.9580042227229432 0.6644859942830788
532 0.9235592861863212 1.4279862525071727
533 0.6347489386405218 1.4403908272970671
534 0.25268558738542024 1.3817872834036473
535 0.7734792929601902 1.109688999710694
536 0.09062924464806255 0.5301343537309622
537 0.01096949549411852 0.7505580574481764
538 0.7623524099431817 0.8866250323922331
539 0.7754467251552132 1.1256424909314249
540 0.3892618991218443 1.380146628786242
541 0.03841723935819574 0.965312990207844
542 0.8298523393928158 0.6268134829730934
543 0.7104875615116192 0.8281158419102816
544 0.02430127857694553 0.9737249308893109
545 0.521692738945335 0.5415862506738456
546 0.5659193535517807 0.8474338379578394
547 0.004493207256296983 0.6907733806765654
548 0.11081067227867492 1.040621954732405
549 0.043120163042338455 1.4281325700980791
550 0.8450619723983726 1.4452976437314562
551 0.31480103278643345 1.4052673885618943
552 0.984312422520035 1.2647314342526466
553 0.2750826135755835 1.1708893041471535
554 0.5956631537339799 0.9042033021644433
555 0.3060978540144266 0.5598481905677303
556 0.12538247475645914 0.6339561560051197
557 0.48089286465431025 1.1418933847268948
558 0.7640684524444807 0.5467137599722218
559 0.8237598726124178 0.5434712232909584
560 0.5549468300580123 1.2441478498080107
561 0.631221371794228 1.449678675683002
562 0.3446983531128357 1.0858833552375393
563 0.08279906273431636 1.0597965879322988
564 0.8132988010762888 0.7016045138254807
565 0.26096450036718066 1.2004056402196936
566 0.25388196693606324 0.759245474021405
567 0.9355152879393015 1.4985430308431145
568 0.15519843069219807 1.4001623872580002
569 0.552726485973739 0.5386011424105175
570 0.5855027152371853 1.141549650670755
571 0.0337956987021093 1.2576919221586005
572 0.817800141474185 0.5716432421869562
573 0.6483999400661788 0.9565474809027662
574 0.2387212873419211 0.9586703816224843
575 0.15938970975228217 0.8336659067322963
576 0.6552072997009475 0.9764855561518734
577 0.5559200946775417 1.0434427938045303
578 0.8205942401116392 0.8433827981536126
579 0.8129620907818157 0.5799870871304075
580 0.4277330458726053 0.852320116536872
581 0.451580638705249 1.3335098205362665
582 0.5123994004879511 1.4872466462948366
583 0.8614607202751068 0.6188467453130221
584 0.3168915355616677 0.5227255015268867
585 0.7337534213446073 0.5192008043668378
586 0.8859385148247924 0.6933428648422622
587 0.4138362902804684 0.562039306006148
588 0.3112548872587563 0.8895149894928328
589 0.052230973545080106 1.2675506531778633
590 0.7113497195255859 0.8578836241245236
591 0.835192553154071 0.5774218023436226
592 0.05400640100767218 0.854980294437273
593 0.9018413321683949 1.2564677019106463
594 0.6723176785539303 1.0627357352457345
595 0.80376553873448 0.9122266931881478
596 0.030688579780824843 1.3024042864453003
597 0.1904934342897321 0.8876588498360868
598 0.3576093472265096 0.6233656259342034
599 0.3507843689720118 0.6770868778509148
